0.1 1.8772135804827705
0.2 3.7082039324993685
0.30000000000000004 5.447885996874562
0.4 7.053423027509678
0.5 8.48528137423857
0.6 9.708203932499368
0.7000000000000001 10.692078290260413
0.8 11.412678195541842
0.9 11.852260087141653
1.0 12.0
1.1 11.852260087141651
1.2000000000000002 11.412678195541842
1.3000000000000003 10.692078290260412
1.4000000000000001 9.70820393249937
1.5000000000000002 8.485281374238568
1.6 7.0534230275096785
1.7000000000000002 5.447885996874557
1.8000000000000003 3.7082039324993654
1.9000000000000001 1.8772135804827719
2.0 1.4695761589768238e-15
2.1 -1.8772135804827692
2.2 -3.708203932499373
2.3000000000000003 -5.4478859968745645
2.4000000000000004 -7.05342302750968
2.5000000000000004 -8.485281374238577
2.6 -9.708203932499368
2.7 -10.692078290260413
2.8000000000000003 -11.412678195541842
2.9000000000000004 -11.852260087141655
3.0000000000000004 -12.0
3.1 -11.852260087141653
3.2 -11.412678195541844
3.3000000000000003 -10.692078290260415
3.4000000000000004 -9.708203932499364
3.5000000000000004 -8.485281374238564
3.6 -7.0534230275096785
3.7 -5.447885996874564
3.8000000000000003 -3.708203932499371
3.9000000000000004 -1.8772135804827628
4.0 -2.9391523179536475e-15
4.1 1.8772135804827568
4.2 3.708203932499366
4.3 5.447885996874559
4.3999999999999995 7.053423027509667
4.5 8.485281374238568
4.6 9.708203932499362
4.7 10.692078290260412
4.8 11.41267819554184
4.9 11.852260087141653
5.0 12.0
5.1 11.852260087141655
5.2 11.412678195541844
5.3 10.692078290260422
5.4 9.708203932499373
5.5 8.48528137423858
5.6 7.05342302750968
5.7 5.447885996874556
5.8 3.7082039324993734
5.9 1.877213580482764
6.0 4.408728476930472e-15
6.1 -1.8772135804827554
6.2 -3.708203932499365
6.3 -5.447885996874548
6.4 -7.053423027509673
6.5 -8.485281374238575
6.6 -9.708203932499366
6.7 -10.692078290260417
6.8 -11.41267819554184
6.9 -11.852260087141653
7.0 -12.0
7.1 -11.852260087141655
7.2 -11.412678195541845
7.3 -10.692078290260422
7.4 -9.708203932499373
7.5 -8.485281374238582
7.6 -7.053423027509682
7.7 -5.447885996874557
7.8 -3.7082039324993747
7.9 -1.8772135804827657
8.0 -5.878304635907295e-15
8.1 1.8772135804827537
8.2 3.7082039324993428
8.3 5.447885996874565
8.4 7.053423027509673
8.5 8.485281374238573
8.6 9.708203932499366
8.7 10.692078290260406
8.8 11.412678195541847
8.9 11.852260087141653
9.0 12.0
9.1 11.852260087141655
9.2 11.41267819554185
9.3 10.692078290260412
9.4 9.708203932499373
9.5 8.485281374238582
9.6 7.053423027509684
9.700000000000001 5.447885996874558
9.8 3.708203932499355
9.9 1.877213580482767
10.0 7.34788079488412e-15
