0.1 1 590.6139320975861
0.1 2 -9.386067902413853
0.1 3 -11.157909698706613
0.1 4 -9.357909698706612
0.1 5 -9.352594173317733
0.1 6 -9.357994173317733
0.1 7 -9.3580101198939
0.1 8 -9.3579939198939
0.1 9 -9.357993872054172
0.2 1 581.4589803375031
0.2 2 -18.541019662496844
0.2 3 -20.28539660350935
0.2 4 -18.485396603509354
0.2 5 -18.480163472686314
0.2 6 -18.485563472686316
0.2 7 -18.485579172078786
0.2 8 -18.485562972078785
0.2 9 -18.48556292498061
0.30000000000000004 1 572.7605700156272
0.30000000000000004 2 -27.23942998437281
0.30000000000000004 3 -28.957711694419686
0.30000000000000004 4 -27.157711694419685
0.30000000000000004 5 -27.152556849289546
0.30000000000000004 6 -27.157956849289548
0.30000000000000004 7 -27.157972313824935
0.30000000000000004 8 -27.15795611382494
0.30000000000000004 9 -27.157956067431336
0.4 1 564.7328848624517
0.4 2 -35.26711513754839
0.4 3 -36.96131379213575
0.4 4 -35.16131379213574
0.4 5 -35.15623119617198
0.4 6 -35.16163119617198
0.4 7 -35.161646443959874
0.4 8 -35.16163024395987
0.4 9 -35.16163019821651
0.5 1 557.5735931288071
0.5 2 -42.42640687119285
0.5 3 -44.09912765057927
0.5 4 -42.299127650579265
0.5 5 -42.29410948824111
0.5 6 -42.299509488241114
0.5 7 -42.29952454272812
0.5 8 -42.29950834272813
0.5 9 -42.299508297564664
0.6 1 551.4589803375031
0.6 2 -48.541019662496836
0.6 3 -50.195396603509344
0.6 4 -48.39539660350935
0.6 5 -48.390433472686304
0.6 6 -48.395833472686306
0.6 7 -48.39584836207878
0.6 8 -48.395832162078776
0.6 9 -48.395832117410606
0.7000000000000001 1 546.539608548698
0.7000000000000001 2 -53.460391451302065
0.7000000000000001 3 -55.10001027694816
0.7000000000000001 4 -53.30001027694816
0.7000000000000001 5 -53.29509142047122
0.7000000000000001 6 -53.300491420471225
0.7000000000000001 7 -53.30050617704065
0.7000000000000001 8 -53.300489977040655
0.7000000000000001 9 -53.300489932770944
0.8 1 542.9366090222908
0.8 2 -57.063390977709204
0.8 3 -58.69220080477608
0.8 4 -56.89220080477608
0.8 5 -56.88731437529487
0.8 6 -56.89271437529487
0.8 7 -56.89272903458332
0.8 8 -56.892712834583314
0.8 9 -56.89271279060545
0.9 1 540.7386995642918
0.9 2 -59.261300435708264
0.9 3 -60.88351653440114
0.9 4 -59.08351653440114
0.9 5 -59.07864988610506
0.9 6 -59.084049886105056
0.9 7 -59.084064486049954
0.9 8 -59.08404828604995
0.9 9 -59.08404824225012
1.0 1 540.0
1.0 2 -60.0
1.0 3 -61.62
1.0 4 -59.82
1.0 5 -59.81514
1.0 6 -59.82054
1.0 7 -59.82055458
1.0 8 -59.820538379999995
1.0 9 -59.82053833626
1.1 1 540.7386995642918
1.1 2 -59.26130043570825
1.1 3 -60.883516534401124
1.1 4 -59.08351653440113
1.1 5 -59.07864988610505
1.1 6 -59.08404988610505
1.1 7 -59.08406448604994
1.1 8 -59.08404828604994
1.1 9 -59.084048242250105
1.2000000000000002 1 542.9366090222908
1.2000000000000002 2 -57.063390977709204
1.2000000000000002 3 -58.69220080477608
1.2000000000000002 4 -56.89220080477608
1.2000000000000002 5 -56.88731437529487
1.2000000000000002 6 -56.89271437529487
1.2000000000000002 7 -56.89272903458332
1.2000000000000002 8 -56.892712834583314
1.2000000000000002 9 -56.89271279060545
1.3000000000000003 1 546.539608548698
1.3000000000000003 2 -53.46039145130205
1.3000000000000003 3 -55.10001027694815
1.3000000000000003 4 -53.30001027694815
1.3000000000000003 5 -53.295091420471216
1.3000000000000003 6 -53.30049142047121
1.3000000000000003 7 -53.300506177040646
1.3000000000000003 8 -53.30048997704064
1.3000000000000003 9 -53.30048993277094
1.4000000000000001 1 551.4589803375031
1.4000000000000001 2 -48.54101966249685
1.4000000000000001 3 -50.19539660350936
1.4000000000000001 4 -48.39539660350936
1.4000000000000001 5 -48.39043347268632
1.4000000000000001 6 -48.39583347268632
1.4000000000000001 7 -48.395848362078794
1.4000000000000001 8 -48.39583216207879
1.4000000000000001 9 -48.39583211741061
1.5000000000000002 1 557.5735931288071
1.5000000000000002 2 -42.42640687119284
1.5000000000000002 3 -44.099127650579256
1.5000000000000002 4 -42.29912765057926
1.5000000000000002 5 -42.2941094882411
1.5000000000000002 6 -42.2995094882411
1.5000000000000002 7 -42.299524542728115
1.5000000000000002 8 -42.29950834272812
1.5000000000000002 9 -42.29950829756466
1.6 1 564.7328848624517
1.6 2 -35.267115137548394
1.6 3 -36.961313792135755
1.6 4 -35.16131379213575
1.6 5 -35.15623119617199
1.6 6 -35.16163119617199
1.6 7 -35.16164644395988
1.6 8 -35.16163024395988
1.6 9 -35.161630198216514
1.7000000000000002 1 572.7605700156272
1.7000000000000002 2 -27.239429984372784
1.7000000000000002 3 -28.957711694419665
1.7000000000000002 4 -27.157711694419664
1.7000000000000002 5 -27.15255684928952
1.7000000000000002 6 -27.157956849289523
1.7000000000000002 7 -27.157972313824914
1.7000000000000002 8 -27.157956113824916
1.7000000000000002 9 -27.15795606743131
1.8000000000000003 1 581.4589803375031
1.8000000000000003 2 -18.541019662496826
1.8000000000000003 3 -20.285396603509337
1.8000000000000003 4 -18.485396603509336
1.8000000000000003 5 -18.480163472686296
1.8000000000000003 6 -18.485563472686298
1.8000000000000003 7 -18.48557917207877
1.8000000000000003 8 -18.485562972078768
1.8000000000000003 9 -18.48556292498059
1.9000000000000001 1 590.6139320975861
1.9000000000000001 2 -9.38606790241386
1.9000000000000001 3 -11.157909698706618
1.9000000000000001 4 -9.357909698706617
1.9000000000000001 5 -9.352594173317739
1.9000000000000001 6 -9.357994173317739
1.9000000000000001 7 -9.358010119893905
1.9000000000000001 8 -9.357993919893905
1.9000000000000001 9 -9.357993872054177
2.0 1 600.0
2.0 2 -7.347880794884118e-15
2.0 3 -1.8000000000000074
2.0 4 -7.325837152499467e-15
2.0 5 5.3999999999926745e-3
2.0 6 -7.32590328342662e-15
2.0 7 -1.6200000007325904e-5
2.0 8 -7.32590308503384e-15
2.0 9 4.859999267409692e-8
2.1 1 609.3860679024139
2.1 2 9.386067902413846
2.1 3 7.557909698706603
2.1 4 9.357909698706605
2.1 5 9.363394173317726
2.1 6 9.357994173317726
2.1 7 9.357977719893894
2.1 8 9.357993919893893
2.1 9 9.357993969254164
2.2 1 618.5410196624969
2.2 2 18.541019662496865
2.2 3 16.685396603509375
2.2 4 18.485396603509372
2.2 5 18.490963472686335
2.2 6 18.485563472686337
2.2 7 18.485546772078806
2.2 8 18.485562972078803
2.2 9 18.485563022180628
2.3000000000000003 1 627.2394299843728
2.3000000000000003 2 27.239429984372826
2.3000000000000003 3 25.357711694419706
2.3000000000000003 4 27.157711694419703
2.3000000000000003 5 27.163356849289563
2.3000000000000003 6 27.15795684928956
2.3000000000000003 7 27.157939913824958
2.3000000000000003 8 27.15795611382496
2.3000000000000003 9 27.15795616463135
2.4000000000000004 1 635.2671151375483
2.4000000000000004 2 35.2671151375484
2.4000000000000004 3 33.36131379213576
2.4000000000000004 4 35.16131379213576
2.4000000000000004 5 35.167031196172
2.4000000000000004 6 35.161631196171996
2.4000000000000004 7 35.16161404395989
2.4000000000000004 8 35.161630243959884
2.4000000000000004 9 35.16163029541652
2.5000000000000004 1 642.4264068711929
2.5000000000000004 2 42.42640687119288
2.5000000000000004 3 40.499127650579304
2.5000000000000004 4 42.2991276505793
2.5000000000000004 5 42.30490948824115
2.5000000000000004 6 42.29950948824115
2.5000000000000004 7 42.29949214272816
2.5000000000000004 8 42.29950834272817
2.5000000000000004 9 42.2995083947647
2.6 1 648.5410196624969
2.6 2 48.541019662496836
2.6 3 46.59539660350935
2.6 4 48.39539660350935
2.6 5 48.40123347268631
2.6 6 48.395833472686306
2.6 7 48.39581596207878
2.6 8 48.395832162078776
2.6 9 48.3958322146106
2.7 1 653.460391451302
2.7 2 53.460391451302065
2.7 3 51.50001027694816
2.7 4 53.30001027694816
2.7 5 53.30589142047123
2.7 6 53.300491420471225
2.7 7 53.30047377704065
2.7 8 53.300489977040655
2.7 9 53.30049002997094
2.8000000000000003 1 657.0633909777092
2.8000000000000003 2 57.063390977709204
2.8000000000000003 3 55.092200804776084
2.8000000000000003 4 56.89220080477608
2.8000000000000003 5 56.898114375294874
2.8000000000000003 6 56.89271437529487
2.8000000000000003 7 56.89269663458332
2.8000000000000003 8 56.892712834583314
2.8000000000000003 9 56.89271288780546
2.9000000000000004 1 659.2613004357082
2.9000000000000004 2 59.26130043570828
2.9000000000000004 3 57.28351653440115
2.9000000000000004 4 59.08351653440115
2.9000000000000004 5 59.08944988610507
2.9000000000000004 6 59.08404988610507
2.9000000000000004 7 59.084032086049966
2.9000000000000004 8 59.08404828604996
2.9000000000000004 9 59.08404833945013
3.0000000000000004 1 660.0
3.0000000000000004 2 60.0
3.0000000000000004 3 58.02
3.0000000000000004 4 59.82
3.0000000000000004 5 59.82594
3.0000000000000004 6 59.82054
3.0000000000000004 7 59.820522180000005
3.0000000000000004 8 59.820538379999995
3.0000000000000004 9 59.820538433459994
3.1 1 659.2613004357082
3.1 2 59.261300435708264
3.1 3 57.28351653440114
3.1 4 59.08351653440114
3.1 5 59.08944988610506
3.1 6 59.084049886105056
3.1 7 59.08403208604995
3.1 8 59.08404828604995
3.1 9 59.08404833945011
3.2 1 657.0633909777092
3.2 2 57.06339097770922
3.2 3 55.09220080477609
3.2 4 56.892200804776095
3.2 5 56.89811437529489
3.2 6 56.89271437529489
3.2 7 56.892696634583324
3.2 8 56.89271283458333
3.2 9 56.892712887805466
3.3000000000000003 1 653.460391451302
3.3000000000000003 2 53.46039145130208
3.3000000000000003 3 51.500010276948174
3.3000000000000003 4 53.30001027694817
3.3000000000000003 5 53.30589142047124
3.3000000000000003 6 53.30049142047124
3.3000000000000003 7 53.300473777040665
3.3000000000000003 8 53.30048997704066
3.3000000000000003 9 53.30049002997095
3.4000000000000004 1 648.5410196624969
3.4000000000000004 2 48.54101966249682
3.4000000000000004 3 46.59539660350933
3.4000000000000004 4 48.39539660350933
3.4000000000000004 5 48.40123347268629
3.4000000000000004 6 48.39583347268629
3.4000000000000004 7 48.39581596207876
3.4000000000000004 8 48.39583216207876
3.4000000000000004 9 48.39583221461058
3.5000000000000004 1 642.4264068711929
3.5000000000000004 2 42.42640687119282
3.5000000000000004 3 40.49912765057924
3.5000000000000004 4 42.29912765057924
3.5000000000000004 5 42.30490948824109
3.5000000000000004 6 42.299509488241085
3.5000000000000004 7 42.2994921427281
3.5000000000000004 8 42.2995083427281
3.5000000000000004 9 42.299508394764636
3.6 1 635.2671151375483
3.6 2 35.267115137548394
3.6 3 33.36131379213575
3.6 4 35.16131379213575
3.6 5 35.16703119617199
3.6 6 35.16163119617199
3.6 7 35.16161404395988
3.6 8 35.16163024395988
3.6 9 35.161630295416515
3.7 1 627.2394299843728
3.7 2 27.23942998437282
3.7 3 25.357711694419702
3.7 4 27.1577116944197
3.7 5 27.163356849289556
3.7 6 27.157956849289558
3.7 7 27.15793991382495
3.7 8 27.15795611382495
3.7 9 27.157956164631347
3.8000000000000003 1 618.5410196624969
3.8000000000000003 2 18.541019662496854
3.8000000000000003 3 16.685396603509364
3.8000000000000003 4 18.485396603509365
3.8000000000000003 5 18.490963472686328
3.8000000000000003 6 18.485563472686326
3.8000000000000003 7 18.4855467720788
3.8000000000000003 8 18.485562972078796
3.8000000000000003 9 18.485563022180617
3.9000000000000004 1 609.3860679024139
3.9000000000000004 2 9.386067902413814
3.9000000000000004 3 7.557909698706571
3.9000000000000004 4 9.357909698706573
3.9000000000000004 5 9.363394173317694
3.9000000000000004 6 9.357994173317694
3.9000000000000004 7 9.35797771989386
3.9000000000000004 8 9.357993919893861
3.9000000000000004 9 9.357993969254132
4.0 1 600.0
4.0 2 1.4695761589768237e-14
4.0 3 -1.7999999999999854
4.0 4 1.4651674304998934e-14
4.0 5 5.400000000014652e-3
4.0 6 1.465180656685324e-14
4.0 7 -1.6199999985348194e-5
4.0 8 1.465180617006768e-14
4.0 9 4.8600014651806176e-8
4.1 1 590.6139320975863
4.1 2 -9.386067902413783
4.1 3 -11.157909698706542
4.1 4 -9.357909698706543
4.1 5 -9.352594173317662
4.1 6 -9.357994173317664
4.1 7 -9.35801011989383
4.1 8 -9.357993919893831
4.1 9 -9.357993872054102
4.2 1 581.4589803375031
4.2 2 -18.54101966249683
4.2 3 -20.285396603509337
4.2 4 -18.48539660350934
4.2 5 -18.4801634726863
4.2 6 -18.4855634726863
4.2 7 -18.485579172078772
4.2 8 -18.485562972078768
4.2 9 -18.485562924980595
4.3 1 572.7605700156272
4.3 2 -27.239429984372794
4.3 3 -28.957711694419675
4.3 4 -27.157711694419675
4.3 5 -27.152556849289535
4.3 6 -27.157956849289533
4.3 7 -27.157972313824924
4.3 8 -27.15795611382493
4.3 9 -27.15795606743132
4.3999999999999995 1 564.7328848624517
4.3999999999999995 2 -35.26711513754834
4.3999999999999995 3 -36.9613137921357
4.3999999999999995 4 -35.161313792135694
4.3999999999999995 5 -35.15623119617193
4.3999999999999995 6 -35.16163119617193
4.3999999999999995 7 -35.16164644395982
4.3999999999999995 8 -35.16163024395982
4.3999999999999995 9 -35.16163019821646
4.5 1 557.5735931288071
4.5 2 -42.42640687119284
4.5 3 -44.099127650579256
4.5 4 -42.29912765057926
4.5 5 -42.2941094882411
4.5 6 -42.2995094882411
4.5 7 -42.299524542728115
4.5 8 -42.29950834272812
4.5 9 -42.29950829756466
4.6 1 551.4589803375031
4.6 2 -48.541019662496815
4.6 3 -50.19539660350932
4.6 4 -48.395396603509326
4.6 5 -48.39043347268628
4.6 6 -48.395833472686284
4.6 7 -48.39584836207876
4.6 8 -48.395832162078754
4.6 9 -48.39583211741058
4.7 1 546.539608548698
4.7 2 -53.46039145130205
4.7 3 -55.10001027694815
4.7 4 -53.30001027694815
4.7 5 -53.295091420471216
4.7 6 -53.30049142047121
4.7 7 -53.300506177040646
4.7 8 -53.30048997704064
4.7 9 -53.30048993277094
4.8 1 542.9366090222908
4.8 2 -57.063390977709204
4.8 3 -58.69220080477608
4.8 4 -56.89220080477608
4.8 5 -56.88731437529487
4.8 6 -56.89271437529487
4.8 7 -56.89272903458332
4.8 8 -56.892712834583314
4.8 9 -56.89271279060545
4.9 1 540.7386995642918
4.9 2 -59.261300435708264
4.9 3 -60.88351653440114
4.9 4 -59.08351653440114
4.9 5 -59.07864988610506
4.9 6 -59.084049886105056
4.9 7 -59.084064486049954
4.9 8 -59.08404828604995
4.9 9 -59.08404824225012
5.0 1 540.0
5.0 2 -60.0
5.0 3 -61.62
5.0 4 -59.82
5.0 5 -59.81514
5.0 6 -59.82054
5.0 7 -59.82055458
5.0 8 -59.820538379999995
5.0 9 -59.82053833626
5.1 1 540.7386995642918
5.1 2 -59.26130043570828
5.1 3 -60.88351653440115
5.1 4 -59.08351653440115
5.1 5 -59.07864988610507
5.1 6 -59.08404988610507
5.1 7 -59.08406448604997
5.1 8 -59.08404828604996
5.1 9 -59.084048242250134
5.2 1 542.9366090222908
5.2 2 -57.06339097770922
5.2 3 -58.69220080477609
5.2 4 -56.892200804776095
5.2 5 -56.887314375294885
5.2 6 -56.89271437529489
5.2 7 -56.892729034583326
5.2 8 -56.89271283458333
5.2 9 -56.89271279060546
5.3 1 546.539608548698
5.3 2 -53.460391451302115
5.3 3 -55.100010276948204
5.3 4 -53.30001027694821
5.3 5 -53.29509142047127
5.3 6 -53.300491420471275
5.3 7 -53.3005061770407
5.3 8 -53.3004899770407
5.3 9 -53.300489932770994
5.4 1 551.4589803375031
5.4 2 -48.541019662496865
5.4 3 -50.19539660350937
5.4 4 -48.395396603509376
5.4 5 -48.39043347268634
5.4 6 -48.395833472686334
5.4 7 -48.39584836207881
5.4 8 -48.395832162078804
5.4 9 -48.395832117410635
5.5 1 557.5735931288071
5.5 2 -42.4264068711929
5.5 3 -44.09912765057932
5.5 4 -42.29912765057932
5.5 5 -42.29410948824116
5.5 6 -42.29950948824116
5.5 7 -42.29952454272818
5.5 8 -42.29950834272818
5.5 9 -42.29950829756472
5.6 1 564.7328848624517
5.6 2 -35.2671151375484
5.6 3 -36.96131379213576
5.6 4 -35.16131379213576
5.6 5 -35.156231196171994
5.6 6 -35.161631196171996
5.6 7 -35.16164644395988
5.6 8 -35.161630243959884
5.6 9 -35.16163019821652
5.7 1 572.7605700156272
5.7 2 -27.23942998437278
5.7 3 -28.957711694419658
5.7 4 -27.157711694419657
5.7 5 -27.152556849289518
5.7 6 -27.157956849289516
5.7 7 -27.157972313824907
5.7 8 -27.157956113824913
5.7 9 -27.157956067431304
5.8 1 581.4589803375031
5.8 2 -18.54101966249687
5.8 3 -20.285396603509376
5.8 4 -18.485396603509376
5.8 5 -18.48016347268634
5.8 6 -18.485563472686337
5.8 7 -18.485579172078808
5.8 8 -18.485562972078807
5.8 9 -18.48556292498063
5.9 1 590.6139320975861
5.9 2 -9.38606790241382
5.9 3 -11.15790969870658
5.9 4 -9.35790969870658
5.9 5 -9.352594173317701
5.9 6 -9.357994173317701
5.9 7 -9.358010119893867
5.9 8 -9.357993919893868
5.9 9 -9.35799387205414
6.0 1 600.0
6.0 2 -2.2043642384652358e-14
6.0 3 -1.8000000000000222
6.0 4 -2.1977511457498404e-14
6.0 5 5.399999999978023e-3
6.0 6 -2.1977709850279865e-14
6.0 7 -1.620000002197771e-5
6.0 8 -2.1977709255101518e-14
6.0 9 4.8599978022290755e-8
6.1 1 609.3860679024137
6.1 2 9.386067902413778
6.1 3 7.557909698706537
6.1 4 9.357909698706536
6.1 5 9.363394173317657
6.1 6 9.357994173317657
6.1 7 9.357977719893825
6.1 8 9.357993919893824
6.1 9 9.357993969254096
6.2 1 618.5410196624969
6.2 2 18.541019662496826
6.2 3 16.685396603509336
6.2 4 18.485396603509336
6.2 5 18.490963472686296
6.2 6 18.485563472686298
6.2 7 18.485546772078767
6.2 8 18.485562972078768
6.2 9 18.48556302218059
6.3 1 627.2394299843728
6.3 2 27.239429984372737
6.3 3 25.35771169441962
6.3 4 27.157711694419618
6.3 5 27.16335684928948
6.3 6 27.15795684928948
6.3 7 27.15793991382487
6.3 8 27.15795611382487
6.3 9 27.157956164631265
6.4 1 635.2671151375483
6.4 2 35.267115137548366
6.4 3 33.361313792135725
6.4 4 35.16131379213572
6.4 5 35.16703119617196
6.4 6 35.16163119617196
6.4 7 35.16161404395985
6.4 8 35.16163024395985
6.4 9 35.16163029541649
6.5 1 642.4264068711929
6.5 2 42.426406871192874
6.5 3 40.49912765057929
6.5 4 42.299127650579294
6.5 5 42.30490948824114
6.5 6 42.299509488241135
6.5 7 42.29949214272815
6.5 8 42.29950834272815
6.5 9 42.29950839476469
6.6 1 648.5410196624969
6.6 2 48.54101966249683
6.6 3 46.59539660350934
6.6 4 48.39539660350934
6.6 5 48.4012334726863
6.6 6 48.3958334726863
6.6 7 48.39581596207877
6.6 8 48.395832162078776
6.6 9 48.39583221461059
6.7 1 653.460391451302
6.7 2 53.46039145130209
6.7 3 51.50001027694818
6.7 4 53.300010276948186
6.7 5 53.30589142047125
6.7 6 53.300491420471246
6.7 7 53.30047377704068
6.7 8 53.30048997704068
6.7 9 53.300490029970966
6.8 1 657.0633909777092
6.8 2 57.063390977709204
6.8 3 55.092200804776084
6.8 4 56.89220080477608
6.8 5 56.898114375294874
6.8 6 56.89271437529487
6.8 7 56.89269663458332
6.8 8 56.892712834583314
6.8 9 56.89271288780546
6.9 1 659.2613004357082
6.9 2 59.261300435708264
6.9 3 57.28351653440114
6.9 4 59.08351653440114
6.9 5 59.08944988610506
6.9 6 59.084049886105056
6.9 7 59.08403208604995
6.9 8 59.08404828604995
6.9 9 59.08404833945011
7.0 1 660.0
7.0 2 60.0
7.0 3 58.02
7.0 4 59.82
7.0 5 59.82594
7.0 6 59.82054
7.0 7 59.820522180000005
7.0 8 59.820538379999995
7.0 9 59.820538433459994
7.1 1 659.2613004357082
7.1 2 59.26130043570828
7.1 3 57.28351653440115
7.1 4 59.08351653440115
7.1 5 59.08944988610507
7.1 6 59.08404988610507
7.1 7 59.084032086049966
7.1 8 59.08404828604996
7.1 9 59.08404833945013
7.2 1 657.0633909777092
7.2 2 57.063390977709226
7.2 3 55.092200804776105
7.2 4 56.8922008047761
7.2 5 56.898114375294895
7.2 6 56.892714375294894
7.2 7 56.89269663458334
7.2 8 56.89271283458334
7.2 9 56.89271288780548
7.3 1 653.460391451302
7.3 2 53.460391451302115
7.3 3 51.50001027694821
7.3 4 53.30001027694821
7.3 5 53.30589142047127
7.3 6 53.300491420471275
7.3 7 53.3004737770407
7.3 8 53.3004899770407
7.3 9 53.30049002997099
7.4 1 648.5410196624969
7.4 2 48.541019662496865
7.4 3 46.59539660350938
7.4 4 48.395396603509376
7.4 5 48.401233472686336
7.4 6 48.395833472686334
7.4 7 48.39581596207881
7.4 8 48.395832162078804
7.4 9 48.39583221461063
7.5 1 642.4264068711929
7.5 2 42.42640687119291
7.5 3 40.499127650579325
7.5 4 42.29912765057933
7.5 5 42.30490948824117
7.5 6 42.29950948824117
7.5 7 42.299492142728184
7.5 8 42.29950834272818
7.5 9 42.29950839476472
7.6 1 635.2671151375483
7.6 2 35.267115137548416
7.6 3 33.36131379213577
7.6 4 35.16131379213577
7.6 5 35.167031196172005
7.6 6 35.161631196172
7.6 7 35.1616140439599
7.6 8 35.1616302439599
7.6 9 35.16163029541653
7.7 1 627.2394299843728
7.7 2 27.239429984372784
7.7 3 25.357711694419667
7.7 4 27.157711694419664
7.7 5 27.16335684928952
7.7 6 27.157956849289523
7.7 7 27.157939913824915
7.7 8 27.157956113824916
7.7 9 27.15795616463131
7.8 1 618.5410196624969
7.8 2 18.541019662496872
7.8 3 16.685396603509382
7.8 4 18.485396603509383
7.8 5 18.490963472686346
7.8 6 18.485563472686344
7.8 7 18.485546772078816
7.8 8 18.485562972078814
7.8 9 18.485563022180635
7.9 1 609.3860679024139
7.9 2 9.386067902413828
7.9 3 7.557909698706586
7.9 4 9.357909698706587
7.9 5 9.363394173317708
7.9 6 9.357994173317708
7.9 7 9.357977719893876
7.9 8 9.357993919893875
7.9 9 9.357993969254146
8.0 1 600.0
8.0 2 2.9391523179536473e-14
8.0 3 -1.7999999999999705
8.0 4 2.930334860999787e-14
8.0 5 5.400000000029302e-3
8.0 6 2.930361313370648e-14
8.0 7 -1.6199999970696384e-5
8.0 8 2.930361234013536e-14
8.0 9 4.8600029303612334e-8
8.1 1 590.6139320975863
8.1 2 -9.38606790241377
8.1 3 -11.157909698706527
8.1 4 -9.357909698706528
8.1 5 -9.352594173317648
8.1 6 -9.357994173317648
8.1 7 -9.358010119893816
8.1 8 -9.357993919893815
8.1 9 -9.357993872054086
8.2 1 581.4589803375032
8.2 2 -18.541019662496712
8.2 3 -20.285396603509223
8.2 4 -18.485396603509223
8.2 5 -18.480163472686183
8.2 6 -18.485563472686184
8.2 7 -18.485579172078655
8.2 8 -18.485562972078654
8.2 9 -18.485562924980478
8.3 1 572.7605700156272
8.3 2 -27.239429984372826
8.3 3 -28.957711694419704
8.3 4 -27.157711694419703
8.3 5 -27.152556849289564
8.3 6 -27.15795684928956
8.3 7 -27.157972313824953
8.3 8 -27.15795611382496
8.3 9 -27.15795606743135
8.4 1 564.7328848624517
8.4 2 -35.267115137548366
8.4 3 -36.961313792135726
8.4 4 -35.16131379213572
8.4 5 -35.15623119617196
8.4 6 -35.16163119617196
8.4 7 -35.161646443959846
8.4 8 -35.16163024395985
8.4 9 -35.161630198216486
8.5 1 557.5735931288071
8.5 2 -42.42640687119287
8.5 3 -44.099127650579284
8.5 4 -42.29912765057929
8.5 5 -42.29410948824113
8.5 6 -42.29950948824113
8.5 7 -42.29952454272814
8.5 8 -42.299508342728146
8.5 9 -42.299508297564685
8.6 1 551.4589803375031
8.6 2 -48.54101966249683
8.6 3 -50.195396603509344
8.6 4 -48.39539660350934
8.6 5 -48.390433472686304
8.6 6 -48.3958334726863
8.6 7 -48.39584836207877
8.6 8 -48.395832162078776
8.6 9 -48.3958321174106
8.7 1 546.539608548698
8.7 2 -53.46039145130203
8.7 3 -55.100010276948126
8.7 4 -53.30001027694812
8.7 5 -53.29509142047119
8.7 6 -53.30049142047119
8.7 7 -53.30050617704062
8.7 8 -53.30048997704062
8.7 9 -53.30048993277091
8.8 1 542.9366090222908
8.8 2 -57.06339097770924
8.8 3 -58.692200804776114
8.8 4 -56.89220080477612
8.8 5 -56.887314375294906
8.8 6 -56.89271437529491
8.8 7 -56.892729034583354
8.8 8 -56.89271283458335
8.8 9 -56.892712790605486
8.9 1 540.7386995642918
8.9 2 -59.261300435708264
8.9 3 -60.88351653440114
8.9 4 -59.08351653440114
8.9 5 -59.07864988610506
8.9 6 -59.084049886105056
8.9 7 -59.084064486049954
8.9 8 -59.08404828604995
8.9 9 -59.08404824225012
9.0 1 540.0
9.0 2 -60.0
9.0 3 -61.62
9.0 4 -59.82
9.0 5 -59.81514
9.0 6 -59.82054
9.0 7 -59.82055458
9.0 8 -59.820538379999995
9.0 9 -59.82053833626
9.1 1 540.7386995642918
9.1 2 -59.26130043570828
9.1 3 -60.88351653440115
9.1 4 -59.08351653440115
9.1 5 -59.07864988610507
9.1 6 -59.08404988610507
9.1 7 -59.08406448604997
9.1 8 -59.08404828604996
9.1 9 -59.084048242250134
9.2 1 542.9366090222908
9.2 2 -57.063390977709254
9.2 3 -58.69220080477613
9.2 4 -56.89220080477613
9.2 5 -56.88731437529492
9.2 6 -56.89271437529492
9.2 7 -56.89272903458336
9.2 8 -56.892712834583364
9.2 9 -56.89271279060549
9.3 1 546.539608548698
9.3 2 -53.46039145130205
9.3 3 -55.10001027694815
9.3 4 -53.30001027694815
9.3 5 -53.295091420471216
9.3 6 -53.30049142047121
9.3 7 -53.300506177040646
9.3 8 -53.30048997704064
9.3 9 -53.30048993277094
9.4 1 551.4589803375031
9.4 2 -48.541019662496865
9.4 3 -50.19539660350937
9.4 4 -48.395396603509376
9.4 5 -48.39043347268634
9.4 6 -48.395833472686334
9.4 7 -48.39584836207881
9.4 8 -48.395832162078804
9.4 9 -48.395832117410635
9.5 1 557.5735931288071
9.5 2 -42.42640687119291
9.5 3 -44.09912765057933
9.5 4 -42.29912765057933
9.5 5 -42.29410948824117
9.5 6 -42.29950948824117
9.5 7 -42.299524542728186
9.5 8 -42.29950834272818
9.5 9 -42.29950829756472
9.6 1 564.7328848624517
9.6 2 -35.267115137548416
9.6 3 -36.961313792135776
9.6 4 -35.16131379213578
9.6 5 -35.15623119617201
9.6 6 -35.16163119617201
9.6 7 -35.1616464439599
9.6 8 -35.1616302439599
9.6 9 -35.161630198216535
9.700000000000001 1 572.7605700156272
9.700000000000001 2 -27.23942998437279
9.700000000000001 3 -28.957711694419668
9.700000000000001 4 -27.157711694419667
9.700000000000001 5 -27.152556849289528
9.700000000000001 6 -27.15795684928953
9.700000000000001 7 -27.157972313824917
9.700000000000001 8 -27.157956113824923
9.700000000000001 9 -27.157956067431318
9.8 1 581.4589803375031
9.8 2 -18.541019662496776
9.8 3 -20.285396603509287
9.8 4 -18.485396603509287
9.8 5 -18.480163472686247
9.8 6 -18.48556347268625
9.8 7 -18.48557917207872
9.8 8 -18.485562972078718
9.8 9 -18.48556292498054
9.9 1 590.6139320975861
9.9 2 -9.386067902413835
9.9 3 -11.157909698706593
9.9 4 -9.357909698706592
9.9 5 -9.352594173317714
9.9 6 -9.357994173317714
9.9 7 -9.35801011989388
9.9 8 -9.35799391989388
9.9 9 -9.357993872054152
10.0 1 600.0
10.0 2 -3.67394039744206e-14
10.0 3 -1.8000000000000367
10.0 4 -3.662918576249734e-14
10.0 5 5.399999999963371e-3
10.0 6 -3.662951641713311e-14
10.0 7 -1.6200000036629517e-5
10.0 8 -3.66295154251692e-14
10.0 9 4.859996337048457e-8
